{
 "cells": [
  {
   "cell_type": "code",
   "execution_count": 3,
   "metadata": {},
   "outputs": [
    {
     "name": "stdout",
     "output_type": "stream",
     "text": [
      "ERROR! Session/line number was not unique in database. History logging moved to new session 314\n",
      "Found 36000 images belonging to 3 classes.\n",
      "Found 9000 images belonging to 3 classes.\n"
     ]
    }
   ],
   "source": [
    "import numpy as np\n",
    "from keras.models import Sequential\n",
    "from keras.layers import Dense\n",
    "from keras.layers import Flatten\n",
    "from keras.layers.convolutional import Conv2D\n",
    "from keras.layers.convolutional import MaxPooling2D\n",
    "from keras.preprocessing.image import ImageDataGenerator\n",
    "from tensorflow.keras.callbacks import ModelCheckpoint\n",
    "\n",
    "import pandas as pd \n",
    "import os\n",
    "import matplotlib.pyplot as plt\n",
    "import cv2\n",
    "from tensorflow.keras.layers import Input, Conv2D, MaxPooling2D, Dense, Flatten\n",
    "from keras.utils import to_categorical\n",
    "\n",
    "from keras.models import Sequential,load_model\n",
    "\n",
    "from sklearn.model_selection import train_test_split\n",
    "from sklearn.utils import shuffle\n",
    "np.random.seed(1)\n",
    "\n",
    "\n",
    "train_datagen = ImageDataGenerator(\n",
    "    featurewise_center=True,\n",
    "    featurewise_std_normalization=True,\n",
    "    validation_split = 0.2,\n",
    "    rotation_range=10,\n",
    "    width_shift_range=0.2,\n",
    "    height_shift_range=0.2,\n",
    "    shear_range=0.7,\n",
    "    rescale=1./255)\n",
    "\n",
    "train_generator = train_datagen.flow_from_directory(\n",
    "        './images2/train',\n",
    "        target_size = (300,300),\n",
    "        batch_size=100,\n",
    "        #color_mode ='rgb',\n",
    "        classes = ['food','interior', 'exterior'],\n",
    "        shuffle =True,\n",
    "        seed = 42,\n",
    "        class_mode='categorical')\n",
    "\n",
    "test_datagen = ImageDataGenerator(rescale=1./255)\n",
    "\n",
    "test_generator = test_datagen.flow_from_directory(\n",
    "        './images2/test',\n",
    "        classes = ['food','interior', 'exterior'],\n",
    "        target_size=(300,300),\n",
    "        batch_size=20,\n",
    "#         color_mode ='rgb',\n",
    "        shuffle =True,\n",
    "        seed = 42,\n",
    "        class_mode='categorical')"
   ]
  },
  {
   "cell_type": "code",
   "execution_count": 5,
   "metadata": {},
   "outputs": [
    {
     "name": "stdout",
     "output_type": "stream",
     "text": [
      "Model: \"sequential_2\"\n",
      "_________________________________________________________________\n",
      "Layer (type)                 Output Shape              Param #   \n",
      "=================================================================\n",
      "conv2d_4 (Conv2D)            (None, 298, 298, 32)      896       \n",
      "_________________________________________________________________\n",
      "max_pooling2d_4 (MaxPooling2 (None, 149, 149, 32)      0         \n",
      "_________________________________________________________________\n",
      "conv2d_5 (Conv2D)            (None, 147, 147, 32)      9248      \n",
      "_________________________________________________________________\n",
      "max_pooling2d_5 (MaxPooling2 (None, 73, 73, 32)        0         \n",
      "_________________________________________________________________\n",
      "flatten_2 (Flatten)          (None, 170528)            0         \n",
      "_________________________________________________________________\n",
      "dense_4 (Dense)              (None, 10)                1705290   \n",
      "_________________________________________________________________\n",
      "dense_5 (Dense)              (None, 3)                 33        \n",
      "=================================================================\n",
      "Total params: 1,715,467\n",
      "Trainable params: 1,715,467\n",
      "Non-trainable params: 0\n",
      "_________________________________________________________________\n",
      "Epoch 1/5\n",
      "10/10 [==============================] - 43s 4s/step - loss: 2.4211 - accuracy: 0.4280 - val_loss: 1.2202 - val_accuracy: 0.4450\n",
      "Epoch 2/5\n",
      "10/10 [==============================] - 45s 4s/step - loss: 1.0608 - accuracy: 0.5340 - val_loss: 0.9549 - val_accuracy: 0.5700\n",
      "Epoch 3/5\n",
      "10/10 [==============================] - 47s 5s/step - loss: 1.0047 - accuracy: 0.5000 - val_loss: 0.9556 - val_accuracy: 0.5750\n",
      "Epoch 4/5\n",
      "10/10 [==============================] - 49s 5s/step - loss: 0.9169 - accuracy: 0.5600 - val_loss: 0.8470 - val_accuracy: 0.5900\n",
      "Epoch 5/5\n",
      "10/10 [==============================] - 56s 6s/step - loss: 0.9155 - accuracy: 0.5320 - val_loss: 0.8243 - val_accuracy: 0.5850\n",
      "WARNING:tensorflow:From C:\\ProgramData\\Anaconda3\\lib\\site-packages\\tensorflow\\python\\training\\tracking\\tracking.py:111: Model.state_updates (from tensorflow.python.keras.engine.training) is deprecated and will be removed in a future version.\n",
      "Instructions for updating:\n",
      "This property should not be used in TensorFlow 2.0, as updates are applied automatically.\n"
     ]
    },
    {
     "name": "stderr",
     "output_type": "stream",
     "text": [
      "WARNING:tensorflow:From C:\\ProgramData\\Anaconda3\\lib\\site-packages\\tensorflow\\python\\training\\tracking\\tracking.py:111: Model.state_updates (from tensorflow.python.keras.engine.training) is deprecated and will be removed in a future version.\n",
      "Instructions for updating:\n",
      "This property should not be used in TensorFlow 2.0, as updates are applied automatically.\n"
     ]
    },
    {
     "name": "stdout",
     "output_type": "stream",
     "text": [
      "WARNING:tensorflow:From C:\\ProgramData\\Anaconda3\\lib\\site-packages\\tensorflow\\python\\training\\tracking\\tracking.py:111: Layer.updates (from tensorflow.python.keras.engine.base_layer) is deprecated and will be removed in a future version.\n",
      "Instructions for updating:\n",
      "This property should not be used in TensorFlow 2.0, as updates are applied automatically.\n"
     ]
    },
    {
     "name": "stderr",
     "output_type": "stream",
     "text": [
      "WARNING:tensorflow:From C:\\ProgramData\\Anaconda3\\lib\\site-packages\\tensorflow\\python\\training\\tracking\\tracking.py:111: Layer.updates (from tensorflow.python.keras.engine.base_layer) is deprecated and will be removed in a future version.\n",
      "Instructions for updating:\n",
      "This property should not be used in TensorFlow 2.0, as updates are applied automatically.\n"
     ]
    },
    {
     "name": "stdout",
     "output_type": "stream",
     "text": [
      "INFO:tensorflow:Assets written to: model-17\\assets\n"
     ]
    },
    {
     "name": "stderr",
     "output_type": "stream",
     "text": [
      "INFO:tensorflow:Assets written to: model-17\\assets\n"
     ]
    },
    {
     "name": "stdout",
     "output_type": "stream",
     "text": [
      "-- Evaluate --\n",
      "WARNING:tensorflow:From <ipython-input-5-0f5d1bae3e91>:31: Model.evaluate_generator (from tensorflow.python.keras.engine.training) is deprecated and will be removed in a future version.\n",
      "Instructions for updating:\n",
      "Please use Model.evaluate, which supports generators.\n"
     ]
    },
    {
     "name": "stderr",
     "output_type": "stream",
     "text": [
      "WARNING:tensorflow:From <ipython-input-5-0f5d1bae3e91>:31: Model.evaluate_generator (from tensorflow.python.keras.engine.training) is deprecated and will be removed in a future version.\n",
      "Instructions for updating:\n",
      "Please use Model.evaluate, which supports generators.\n"
     ]
    },
    {
     "name": "stdout",
     "output_type": "stream",
     "text": [
      "accuracy: 70.00%\n",
      "-- Predict --\n",
      "WARNING:tensorflow:From <ipython-input-5-0f5d1bae3e91>:36: Model.predict_generator (from tensorflow.python.keras.engine.training) is deprecated and will be removed in a future version.\n",
      "Instructions for updating:\n",
      "Please use Model.predict, which supports generators.\n"
     ]
    },
    {
     "name": "stderr",
     "output_type": "stream",
     "text": [
      "WARNING:tensorflow:From <ipython-input-5-0f5d1bae3e91>:36: Model.predict_generator (from tensorflow.python.keras.engine.training) is deprecated and will be removed in a future version.\n",
      "Instructions for updating:\n",
      "Please use Model.predict, which supports generators.\n"
     ]
    },
    {
     "name": "stdout",
     "output_type": "stream",
     "text": [
      "{'food': 0, 'interior': 1, 'exterior': 2}\n",
      "[[0.744 0.244 0.013]\n",
      " [0.910 0.089 0.001]\n",
      " [0.071 0.276 0.653]\n",
      " [0.799 0.194 0.007]\n",
      " [0.385 0.391 0.224]\n",
      " [0.788 0.206 0.006]\n",
      " [0.501 0.410 0.088]\n",
      " [0.837 0.160 0.003]\n",
      " [0.406 0.443 0.151]\n",
      " [0.944 0.056 0.000]\n",
      " [0.275 0.431 0.294]\n",
      " [0.919 0.080 0.000]\n",
      " [0.381 0.388 0.231]\n",
      " [0.910 0.090 0.001]\n",
      " [0.443 0.415 0.142]\n",
      " [0.172 0.400 0.428]\n",
      " [0.892 0.107 0.001]\n",
      " [0.657 0.309 0.034]\n",
      " [0.913 0.087 0.001]\n",
      " [0.952 0.047 0.000]\n",
      " [0.076 0.285 0.639]\n",
      " [0.314 0.431 0.255]\n",
      " [0.642 0.328 0.030]\n",
      " [0.326 0.455 0.219]\n",
      " [0.586 0.366 0.048]\n",
      " [0.096 0.297 0.606]\n",
      " [0.860 0.137 0.002]\n",
      " [0.761 0.226 0.013]\n",
      " [0.524 0.400 0.076]\n",
      " [0.467 0.409 0.124]\n",
      " [0.613 0.348 0.039]\n",
      " [0.233 0.444 0.323]\n",
      " [0.645 0.317 0.039]\n",
      " [0.689 0.288 0.023]\n",
      " [0.439 0.425 0.137]\n",
      " [0.283 0.416 0.301]\n",
      " [0.381 0.444 0.175]\n",
      " [0.877 0.121 0.002]\n",
      " [0.108 0.326 0.566]\n",
      " [0.269 0.436 0.296]\n",
      " [0.493 0.416 0.092]\n",
      " [0.924 0.076 0.000]\n",
      " [0.592 0.354 0.054]\n",
      " [0.086 0.290 0.624]\n",
      " [0.167 0.400 0.433]\n",
      " [0.683 0.294 0.023]\n",
      " [0.139 0.347 0.514]\n",
      " [0.087 0.290 0.623]\n",
      " [0.655 0.315 0.030]\n",
      " [0.728 0.257 0.015]\n",
      " [0.612 0.328 0.060]\n",
      " [0.650 0.316 0.035]\n",
      " [0.125 0.347 0.528]\n",
      " [0.817 0.178 0.004]\n",
      " [0.606 0.348 0.045]\n",
      " [0.794 0.201 0.006]\n",
      " [0.843 0.154 0.003]\n",
      " [0.565 0.378 0.057]\n",
      " [0.633 0.332 0.035]\n",
      " [0.752 0.236 0.012]\n",
      " [0.843 0.154 0.003]\n",
      " [0.625 0.321 0.054]\n",
      " [0.556 0.383 0.061]\n",
      " [0.111 0.353 0.536]\n",
      " [0.511 0.418 0.071]\n",
      " [0.352 0.462 0.186]\n",
      " [0.837 0.160 0.002]\n",
      " [0.190 0.335 0.476]\n",
      " [0.533 0.376 0.091]\n",
      " [0.955 0.045 0.000]\n",
      " [0.246 0.462 0.292]\n",
      " [0.340 0.438 0.222]\n",
      " [0.622 0.334 0.044]\n",
      " [0.814 0.181 0.005]\n",
      " [0.411 0.444 0.145]\n",
      " [0.326 0.455 0.219]\n",
      " [0.364 0.418 0.218]\n",
      " [0.835 0.161 0.004]\n",
      " [0.513 0.416 0.071]\n",
      " [0.313 0.458 0.230]\n",
      " [0.340 0.434 0.226]\n",
      " [0.304 0.429 0.267]\n",
      " [0.341 0.457 0.202]\n",
      " [0.437 0.439 0.123]\n",
      " [0.656 0.319 0.025]\n",
      " [0.772 0.217 0.011]\n",
      " [0.581 0.350 0.069]\n",
      " [0.691 0.292 0.017]\n",
      " [0.927 0.072 0.000]\n",
      " [0.683 0.286 0.031]\n",
      " [0.485 0.378 0.137]\n",
      " [0.874 0.124 0.002]\n",
      " [0.409 0.412 0.179]\n",
      " [0.323 0.440 0.237]\n",
      " [0.666 0.308 0.026]\n",
      " [0.609 0.351 0.040]\n",
      " [0.439 0.424 0.137]\n",
      " [0.135 0.373 0.492]\n",
      " [0.716 0.268 0.017]\n",
      " [0.989 0.011 0.000]]\n"
     ]
    }
   ],
   "source": [
    "model = Sequential()\n",
    "model.add(Conv2D(32, kernel_size=3,\n",
    "                 activation='selu',\n",
    "                 input_shape=(300,300,3)))\n",
    "model.add(MaxPooling2D(pool_size=2))\n",
    "model.add(Conv2D(32, 3, activation='selu'))\n",
    "model.add(MaxPooling2D(pool_size=2))\n",
    "# model.add(Conv2D(32, 3, activation='selu'))\n",
    "# model.add(MaxPooling2D(pool_size=2))\n",
    "model.add(Flatten())\n",
    "# model.add(Dense(8, activation='selu'))\n",
    "model.add(Dense(10, activation='relu'))\n",
    "model.add(Dense(3, activation='softmax'))\n",
    "\n",
    "# 3. 모델 학습과정 설정 및 요약\n",
    "model.summary()\n",
    "model.compile(loss='categorical_crossentropy', optimizer='adam', metrics=['accuracy'])\n",
    "\n",
    "# 4. 모델 학습시키기\n",
    "model.fit_generator(\n",
    "    train_generator,\n",
    "    steps_per_epoch=10,\n",
    "    epochs=5,\n",
    "    validation_data=test_generator,\n",
    "    validation_steps=10)\n",
    "\n",
    "model.save('model-17')\n",
    "\n",
    "# 5. 모델 평가하기\n",
    "print(\"-- Evaluate --\")\n",
    "scores = model.evaluate_generator(test_generator, steps=5)\n",
    "print(\"%s: %.2f%%\" %(model.metrics_names[1], scores[1]*100))\n",
    "\n",
    "# 6. 모델 사용하기\n",
    "print(\"-- Predict --\")\n",
    "output = model.predict_generator(test_generator, steps=5)\n",
    "np.set_printoptions(formatter={'float': lambda x: \"{0:0.3f}\".format(x)})\n",
    "print(test_generator.class_indices)\n",
    "print(output)"
   ]
  }
 ],
 "metadata": {
  "kernelspec": {
   "display_name": "Python 3",
   "language": "python",
   "name": "python3"
  },
  "language_info": {
   "codemirror_mode": {
    "name": "ipython",
    "version": 3
   },
   "file_extension": ".py",
   "mimetype": "text/x-python",
   "name": "python",
   "nbconvert_exporter": "python",
   "pygments_lexer": "ipython3",
   "version": "3.7.6"
  }
 },
 "nbformat": 4,
 "nbformat_minor": 4
}
