{
 "cells": [
  {
   "cell_type": "markdown",
   "metadata": {},
   "source": [
    "Layer에 weight값 조절하기 위한 initailizer 추가"
   ]
  },
  {
   "cell_type": "code",
   "execution_count": 15,
   "metadata": {},
   "outputs": [
    {
     "name": "stdout",
     "output_type": "stream",
     "text": [
      "Found 36000 images belonging to 3 classes.\n",
      "Found 9000 images belonging to 3 classes.\n"
     ]
    }
   ],
   "source": [
    "from tensorflow.keras import initializers\n",
    "import numpy as np\n",
    "from keras.models import Sequential\n",
    "from keras.layers import Dense\n",
    "from keras.layers import Flatten\n",
    "from keras.layers.convolutional import Conv2D\n",
    "from keras.layers.convolutional import MaxPooling2D\n",
    "from keras.preprocessing.image import ImageDataGenerator\n",
    "from tensorflow.keras.callbacks import ModelCheckpoint\n",
    "import tensorflow as tf\n",
    "import pandas as pd \n",
    "import os\n",
    "import matplotlib.pyplot as plt\n",
    "import cv2\n",
    "from tensorflow.keras.layers import Input, Conv2D, MaxPooling2D, Dense, Flatten\n",
    "from keras.utils import to_categorical\n",
    "\n",
    "from keras.models import Sequential,load_model\n",
    "\n",
    "from sklearn.model_selection import train_test_split\n",
    "from sklearn.utils import shuffle\n",
    "np.random.seed(1)\n",
    "\n",
    "\n",
    "train_datagen = ImageDataGenerator(\n",
    "    featurewise_center=True,\n",
    "    featurewise_std_normalization=True,\n",
    "    validation_split = 0.2,\n",
    "    rotation_range=30,\n",
    "    width_shift_range=0.2,\n",
    "    height_shift_range=0.2,\n",
    "    rescale=1./255)\n",
    "\n",
    "train_generator = train_datagen.flow_from_directory(\n",
    "        './images2/train',\n",
    "        target_size = (300,300),\n",
    "        batch_size=200,\n",
    "        classes = ['food','interior', 'exterior'],\n",
    "        shuffle =True,\n",
    "        seed = 42,\n",
    "        class_mode='categorical')\n",
    "\n",
    "test_datagen = ImageDataGenerator(rescale=1./255)\n",
    "\n",
    "test_generator = test_datagen.flow_from_directory(\n",
    "        './images2/test',\n",
    "        classes = ['food','interior', 'exterior'],\n",
    "        target_size=(300,300),\n",
    "        batch_size=64,\n",
    "        shuffle =True,\n",
    "        seed = 42,\n",
    "        class_mode='categorical')"
   ]
  },
  {
   "cell_type": "code",
   "execution_count": 16,
   "metadata": {},
   "outputs": [],
   "source": [
    "\n",
    "initializer = tf.keras.initializers.GlorotUniform()\n"
   ]
  },
  {
   "cell_type": "code",
   "execution_count": 19,
   "metadata": {
    "scrolled": false
   },
   "outputs": [
    {
     "name": "stdout",
     "output_type": "stream",
     "text": [
      "Model: \"sequential_8\"\n",
      "_________________________________________________________________\n",
      "Layer (type)                 Output Shape              Param #   \n",
      "=================================================================\n",
      "conv2d_28 (Conv2D)           (None, 298, 298, 32)      896       \n",
      "_________________________________________________________________\n",
      "max_pooling2d_26 (MaxPooling (None, 149, 149, 32)      0         \n",
      "_________________________________________________________________\n",
      "conv2d_29 (Conv2D)           (None, 147, 147, 32)      9248      \n",
      "_________________________________________________________________\n",
      "max_pooling2d_27 (MaxPooling (None, 73, 73, 32)        0         \n",
      "_________________________________________________________________\n",
      "conv2d_30 (Conv2D)           (None, 71, 71, 32)        9248      \n",
      "_________________________________________________________________\n",
      "max_pooling2d_28 (MaxPooling (None, 35, 35, 32)        0         \n",
      "_________________________________________________________________\n",
      "conv2d_31 (Conv2D)           (None, 33, 33, 32)        9248      \n",
      "_________________________________________________________________\n",
      "max_pooling2d_29 (MaxPooling (None, 16, 16, 32)        0         \n",
      "_________________________________________________________________\n",
      "flatten_6 (Flatten)          (None, 8192)              0         \n",
      "_________________________________________________________________\n",
      "dense_16 (Dense)             (None, 64)                524352    \n",
      "_________________________________________________________________\n",
      "dense_17 (Dense)             (None, 16)                1040      \n",
      "_________________________________________________________________\n",
      "dense_18 (Dense)             (None, 3)                 51        \n",
      "=================================================================\n",
      "Total params: 554,083\n",
      "Trainable params: 554,083\n",
      "Non-trainable params: 0\n",
      "_________________________________________________________________\n",
      "Epoch 1/20\n",
      "20/20 [==============================] - 396s 20s/step - loss: 1.0041 - accuracy: 0.4837 - val_loss: 0.8561 - val_accuracy: 0.6055\n",
      "Epoch 2/20\n",
      "20/20 [==============================] - 414s 21s/step - loss: 0.8713 - accuracy: 0.5987 - val_loss: 0.8944 - val_accuracy: 0.5531\n",
      "Epoch 3/20\n",
      "20/20 [==============================] - 385s 19s/step - loss: 0.8151 - accuracy: 0.6273 - val_loss: 0.8085 - val_accuracy: 0.6266\n",
      "Epoch 4/20\n",
      "20/20 [==============================] - 401s 20s/step - loss: 0.8294 - accuracy: 0.6313 - val_loss: 0.7607 - val_accuracy: 0.6727\n",
      "Epoch 5/20\n",
      "20/20 [==============================] - 393s 20s/step - loss: 0.7900 - accuracy: 0.6528 - val_loss: 0.7239 - val_accuracy: 0.7016\n",
      "Epoch 6/20\n",
      "20/20 [==============================] - 406s 20s/step - loss: 0.7858 - accuracy: 0.6485 - val_loss: 0.7551 - val_accuracy: 0.6562\n",
      "Epoch 7/20\n",
      "20/20 [==============================] - 391s 20s/step - loss: 0.7404 - accuracy: 0.6825 - val_loss: 0.7330 - val_accuracy: 0.6750\n",
      "Epoch 8/20\n",
      "20/20 [==============================] - 401s 20s/step - loss: 0.7580 - accuracy: 0.6668 - val_loss: 0.7707 - val_accuracy: 0.6562\n",
      "Epoch 9/20\n",
      "20/20 [==============================] - 419s 21s/step - loss: 0.7711 - accuracy: 0.6597 - val_loss: 0.6417 - val_accuracy: 0.7164\n",
      "Epoch 10/20\n",
      "20/20 [==============================] - 396s 20s/step - loss: 0.7232 - accuracy: 0.6913 - val_loss: 0.8187 - val_accuracy: 0.6289\n",
      "Epoch 11/20\n",
      "20/20 [==============================] - 416s 21s/step - loss: 0.7411 - accuracy: 0.6812 - val_loss: 0.6100 - val_accuracy: 0.7453\n",
      "Epoch 12/20\n",
      "20/20 [==============================] - 409s 20s/step - loss: 0.6945 - accuracy: 0.7038 - val_loss: 0.5978 - val_accuracy: 0.7555\n",
      "Epoch 13/20\n",
      "20/20 [==============================] - 414s 21s/step - loss: 0.6666 - accuracy: 0.7150 - val_loss: 0.5467 - val_accuracy: 0.7797\n",
      "Epoch 14/20\n",
      "20/20 [==============================] - 406s 20s/step - loss: 0.6802 - accuracy: 0.7113 - val_loss: 0.6044 - val_accuracy: 0.7609\n",
      "Epoch 15/20\n",
      "20/20 [==============================] - 396s 20s/step - loss: 0.6634 - accuracy: 0.7180 - val_loss: 0.5642 - val_accuracy: 0.7797\n",
      "Epoch 16/20\n",
      "20/20 [==============================] - 402s 20s/step - loss: 0.6461 - accuracy: 0.7268 - val_loss: 0.6334 - val_accuracy: 0.7352\n",
      "Epoch 17/20\n",
      "20/20 [==============================] - 400s 20s/step - loss: 0.6241 - accuracy: 0.7405 - val_loss: 0.5764 - val_accuracy: 0.7578\n",
      "Epoch 18/20\n",
      "20/20 [==============================] - 398s 20s/step - loss: 0.6676 - accuracy: 0.7170 - val_loss: 0.5157 - val_accuracy: 0.8062\n",
      "Epoch 19/20\n",
      "20/20 [==============================] - 408s 20s/step - loss: 0.5904 - accuracy: 0.7550 - val_loss: 0.5734 - val_accuracy: 0.7789\n",
      "Epoch 20/20\n",
      "20/20 [==============================] - 405s 20s/step - loss: 0.5762 - accuracy: 0.7673 - val_loss: 0.5671 - val_accuracy: 0.7641\n",
      "INFO:tensorflow:Assets written to: model-19\\assets\n",
      "-- Evaluate --\n",
      "accuracy: 77.19%\n",
      "-- Predict --\n",
      "{'food': 0, 'interior': 1, 'exterior': 2}\n",
      "[[0.984 0.013 0.003]\n",
      " [0.027 0.057 0.916]\n",
      " [0.032 0.513 0.455]\n",
      " [0.014 0.510 0.475]\n",
      " [0.129 0.609 0.261]\n",
      " [0.012 0.030 0.957]\n",
      " [0.030 0.883 0.087]\n",
      " [0.998 0.002 0.000]\n",
      " [0.406 0.081 0.513]\n",
      " [0.051 0.917 0.032]\n",
      " [0.013 0.897 0.091]\n",
      " [0.877 0.100 0.023]\n",
      " [0.370 0.455 0.175]\n",
      " [0.088 0.538 0.374]\n",
      " [0.896 0.063 0.040]\n",
      " [0.680 0.145 0.175]\n",
      " [0.010 0.713 0.278]\n",
      " [0.020 0.022 0.958]\n",
      " [0.799 0.062 0.138]\n",
      " [0.120 0.291 0.589]\n",
      " [0.017 0.699 0.284]\n",
      " [0.009 0.047 0.944]\n",
      " [0.928 0.060 0.012]\n",
      " [0.850 0.040 0.109]\n",
      " [0.982 0.015 0.003]\n",
      " [0.558 0.198 0.244]\n",
      " [0.664 0.221 0.115]\n",
      " [0.316 0.201 0.482]\n",
      " [0.011 0.955 0.033]\n",
      " [0.029 0.938 0.033]\n",
      " [0.984 0.013 0.003]\n",
      " [0.597 0.344 0.059]\n",
      " [0.011 0.038 0.951]\n",
      " [0.002 0.010 0.988]\n",
      " [0.177 0.594 0.229]\n",
      " [0.188 0.762 0.050]\n",
      " [0.175 0.196 0.629]\n",
      " [0.703 0.289 0.009]\n",
      " [0.001 0.925 0.074]\n",
      " [0.996 0.004 0.000]\n",
      " [0.472 0.179 0.349]\n",
      " [0.007 0.072 0.922]\n",
      " [0.069 0.364 0.566]\n",
      " [0.025 0.896 0.079]\n",
      " [0.022 0.431 0.547]\n",
      " [0.938 0.056 0.006]\n",
      " [0.001 0.005 0.994]\n",
      " [0.014 0.971 0.016]\n",
      " [0.964 0.034 0.002]\n",
      " [0.019 0.231 0.750]\n",
      " [0.874 0.070 0.055]\n",
      " [0.873 0.049 0.078]\n",
      " [0.655 0.304 0.041]\n",
      " [0.649 0.299 0.052]\n",
      " [0.139 0.378 0.483]\n",
      " [0.111 0.511 0.378]\n",
      " [0.163 0.586 0.251]\n",
      " [0.026 0.023 0.951]\n",
      " [0.867 0.121 0.012]\n",
      " [0.981 0.017 0.002]\n",
      " [0.956 0.027 0.017]\n",
      " [0.052 0.310 0.638]\n",
      " [0.970 0.023 0.008]\n",
      " [0.975 0.013 0.012]\n",
      " [0.982 0.017 0.001]\n",
      " [0.872 0.071 0.056]\n",
      " [0.968 0.024 0.008]\n",
      " [0.968 0.028 0.004]\n",
      " [0.994 0.005 0.001]\n",
      " [0.207 0.069 0.724]\n",
      " [0.723 0.118 0.159]\n",
      " [0.675 0.155 0.170]\n",
      " [0.916 0.077 0.008]\n",
      " [0.537 0.199 0.264]\n",
      " [0.912 0.051 0.037]\n",
      " [0.017 0.912 0.071]\n",
      " [0.002 0.007 0.991]\n",
      " [0.099 0.674 0.227]\n",
      " [0.006 0.018 0.976]\n",
      " [0.008 0.094 0.898]\n",
      " [0.005 0.016 0.979]\n",
      " [0.958 0.026 0.016]\n",
      " [0.007 0.029 0.964]\n",
      " [0.016 0.072 0.912]\n",
      " [0.029 0.572 0.398]\n",
      " [0.007 0.020 0.973]\n",
      " [0.353 0.486 0.161]\n",
      " [0.006 0.023 0.971]\n",
      " [0.071 0.615 0.314]\n",
      " [0.005 0.050 0.945]\n",
      " [0.004 0.009 0.987]\n",
      " [0.817 0.170 0.013]\n",
      " [0.023 0.917 0.060]\n",
      " [0.867 0.109 0.024]\n",
      " [0.026 0.197 0.777]\n",
      " [0.094 0.545 0.362]\n",
      " [0.939 0.037 0.024]\n",
      " [0.987 0.012 0.001]\n",
      " [0.953 0.040 0.007]\n",
      " [0.861 0.113 0.027]\n",
      " [0.006 0.048 0.947]\n",
      " [0.173 0.635 0.191]\n",
      " [0.018 0.047 0.934]\n",
      " [0.156 0.676 0.169]\n",
      " [0.932 0.050 0.019]\n",
      " [0.114 0.635 0.251]\n",
      " [0.020 0.035 0.944]\n",
      " [0.972 0.016 0.012]\n",
      " [0.981 0.013 0.006]\n",
      " [0.995 0.004 0.001]\n",
      " [0.990 0.008 0.002]\n",
      " [0.763 0.204 0.033]\n",
      " [0.034 0.466 0.500]\n",
      " [0.892 0.075 0.034]\n",
      " [0.035 0.193 0.772]\n",
      " [0.379 0.047 0.574]\n",
      " [0.010 0.123 0.867]\n",
      " [0.003 0.030 0.967]\n",
      " [0.006 0.022 0.972]\n",
      " [0.976 0.015 0.008]\n",
      " [0.296 0.319 0.385]\n",
      " [0.035 0.184 0.781]\n",
      " [0.030 0.543 0.427]\n",
      " [0.287 0.539 0.174]\n",
      " [0.011 0.814 0.175]\n",
      " [0.190 0.490 0.319]\n",
      " [0.813 0.154 0.033]\n",
      " [0.019 0.030 0.951]\n",
      " [0.006 0.275 0.719]\n",
      " [0.110 0.109 0.781]\n",
      " [0.634 0.333 0.033]\n",
      " [0.007 0.035 0.957]\n",
      " [0.018 0.944 0.038]\n",
      " [0.990 0.008 0.002]\n",
      " [0.981 0.014 0.005]\n",
      " [0.898 0.097 0.005]\n",
      " [0.851 0.140 0.009]\n",
      " [0.226 0.468 0.306]\n",
      " [0.008 0.021 0.970]\n",
      " [0.952 0.046 0.002]\n",
      " [0.559 0.300 0.140]\n",
      " [0.494 0.286 0.220]\n",
      " [0.058 0.699 0.244]\n",
      " [0.008 0.879 0.113]\n",
      " [0.022 0.725 0.253]\n",
      " [0.110 0.842 0.048]\n",
      " [0.483 0.162 0.356]\n",
      " [0.498 0.106 0.397]\n",
      " [0.554 0.166 0.280]\n",
      " [0.952 0.038 0.011]\n",
      " [0.005 0.175 0.819]\n",
      " [0.088 0.844 0.068]\n",
      " [0.044 0.057 0.899]\n",
      " [0.024 0.046 0.930]\n",
      " [0.043 0.106 0.851]\n",
      " [0.982 0.014 0.003]\n",
      " [0.026 0.426 0.548]\n",
      " [0.869 0.064 0.067]\n",
      " [0.335 0.085 0.581]\n",
      " [0.004 0.808 0.188]\n",
      " [0.911 0.048 0.041]\n",
      " [0.680 0.296 0.024]\n",
      " [0.028 0.185 0.787]\n",
      " [0.006 0.046 0.948]\n",
      " [0.994 0.005 0.001]\n",
      " [0.861 0.095 0.044]\n",
      " [0.895 0.062 0.043]\n",
      " [0.910 0.080 0.011]\n",
      " [0.118 0.469 0.413]\n",
      " [0.981 0.015 0.004]\n",
      " [0.968 0.021 0.011]\n",
      " [0.221 0.234 0.544]\n",
      " [0.645 0.315 0.040]\n",
      " [0.270 0.321 0.408]\n",
      " [0.882 0.062 0.056]\n",
      " [0.095 0.779 0.126]\n",
      " [0.096 0.250 0.654]\n",
      " [0.002 0.025 0.974]\n",
      " [0.010 0.026 0.965]\n",
      " [0.456 0.305 0.239]\n",
      " [0.876 0.070 0.054]\n",
      " [0.006 0.024 0.970]\n",
      " [0.757 0.043 0.200]\n",
      " [0.001 0.002 0.997]\n",
      " [0.147 0.353 0.500]\n",
      " [0.002 0.013 0.985]\n",
      " [0.030 0.299 0.671]\n",
      " [0.805 0.145 0.050]\n",
      " [0.968 0.011 0.020]\n",
      " [0.019 0.906 0.075]\n",
      " [0.914 0.080 0.006]\n",
      " [0.979 0.017 0.004]\n",
      " [0.757 0.209 0.035]\n",
      " [0.156 0.502 0.342]\n",
      " [0.037 0.110 0.853]\n",
      " [0.990 0.009 0.001]\n",
      " [0.944 0.048 0.008]\n",
      " [0.005 0.066 0.929]\n",
      " [0.617 0.194 0.189]\n",
      " [0.046 0.454 0.500]\n",
      " [0.169 0.504 0.326]\n",
      " [0.654 0.325 0.020]\n",
      " [0.097 0.055 0.848]\n",
      " [0.089 0.144 0.768]\n",
      " [0.936 0.036 0.028]\n",
      " [0.989 0.010 0.001]\n",
      " [0.971 0.019 0.010]\n",
      " [0.521 0.463 0.016]\n",
      " [0.041 0.533 0.425]\n",
      " [0.959 0.022 0.019]\n",
      " [0.006 0.036 0.957]\n",
      " [0.428 0.354 0.218]\n",
      " [0.047 0.609 0.344]\n",
      " [0.719 0.189 0.092]\n",
      " [0.011 0.282 0.707]\n",
      " [0.649 0.181 0.170]\n",
      " [0.288 0.409 0.302]\n",
      " [0.117 0.415 0.468]\n",
      " [0.093 0.417 0.490]\n",
      " [0.997 0.003 0.000]\n",
      " [0.585 0.145 0.269]\n",
      " [0.090 0.192 0.718]\n",
      " [0.029 0.218 0.753]\n",
      " [0.560 0.275 0.166]\n",
      " [0.995 0.004 0.001]\n",
      " [0.024 0.484 0.492]\n",
      " [0.323 0.179 0.499]\n",
      " [0.642 0.054 0.304]\n",
      " [0.994 0.005 0.001]\n",
      " [0.948 0.035 0.017]\n",
      " [0.045 0.044 0.911]\n",
      " [0.229 0.495 0.276]\n",
      " [0.974 0.021 0.005]\n",
      " [0.008 0.322 0.670]\n",
      " [0.829 0.051 0.120]\n",
      " [0.962 0.032 0.006]\n",
      " [0.004 0.077 0.919]\n",
      " [0.011 0.621 0.368]\n",
      " [0.411 0.432 0.157]\n",
      " [0.127 0.744 0.128]\n",
      " [0.063 0.140 0.797]\n",
      " [0.412 0.118 0.469]\n",
      " [0.201 0.678 0.121]\n",
      " [0.238 0.198 0.565]\n",
      " [0.413 0.482 0.105]\n",
      " [0.131 0.148 0.721]\n",
      " [0.682 0.278 0.040]\n",
      " [0.040 0.151 0.809]\n",
      " [0.969 0.027 0.004]\n",
      " [0.092 0.143 0.765]\n",
      " [0.100 0.850 0.050]\n",
      " [0.376 0.537 0.087]\n",
      " [0.010 0.117 0.873]\n",
      " [0.001 0.019 0.980]\n",
      " [0.537 0.329 0.134]\n",
      " [0.390 0.524 0.086]\n",
      " [0.703 0.141 0.157]\n",
      " [0.002 0.119 0.879]\n",
      " [0.011 0.207 0.782]\n",
      " [0.128 0.195 0.677]\n",
      " [0.032 0.127 0.842]\n",
      " [0.223 0.512 0.266]\n",
      " [0.840 0.140 0.019]\n",
      " [0.661 0.320 0.020]\n",
      " [0.002 0.018 0.980]\n",
      " [0.565 0.180 0.256]\n",
      " [0.073 0.227 0.700]\n",
      " [0.926 0.043 0.031]\n",
      " [0.997 0.003 0.000]\n",
      " [0.961 0.033 0.006]\n",
      " [0.119 0.341 0.540]\n",
      " [0.027 0.442 0.531]\n",
      " [0.000 0.003 0.996]\n",
      " [0.061 0.760 0.179]\n",
      " [0.987 0.010 0.003]\n",
      " [0.005 0.032 0.964]\n",
      " [0.999 0.001 0.000]\n",
      " [0.082 0.787 0.131]\n",
      " [0.203 0.698 0.099]\n",
      " [0.010 0.060 0.930]\n",
      " [0.031 0.692 0.277]\n",
      " [0.704 0.092 0.204]\n",
      " [0.902 0.030 0.068]\n",
      " [0.798 0.093 0.109]\n",
      " [0.007 0.030 0.963]\n",
      " [0.460 0.486 0.055]\n",
      " [0.218 0.375 0.408]\n",
      " [0.128 0.858 0.015]\n",
      " [0.009 0.056 0.935]\n",
      " [0.152 0.168 0.681]\n",
      " [0.517 0.057 0.427]\n",
      " [0.984 0.014 0.001]\n",
      " [0.712 0.262 0.026]\n",
      " [0.009 0.073 0.918]\n",
      " [0.988 0.011 0.001]\n",
      " [0.017 0.054 0.929]\n",
      " [0.223 0.719 0.058]\n",
      " [0.159 0.568 0.273]\n",
      " [0.151 0.367 0.482]\n",
      " [0.064 0.519 0.417]\n",
      " [0.991 0.008 0.001]\n",
      " [0.479 0.456 0.066]\n",
      " [0.081 0.684 0.236]\n",
      " [0.013 0.275 0.712]\n",
      " [0.926 0.055 0.019]\n",
      " [0.016 0.085 0.899]\n",
      " [0.016 0.233 0.751]\n",
      " [0.006 0.023 0.970]\n",
      " [0.528 0.219 0.253]\n",
      " [0.220 0.192 0.588]\n",
      " [0.934 0.057 0.009]\n",
      " [0.044 0.210 0.746]\n",
      " [0.054 0.671 0.274]\n",
      " [0.582 0.128 0.290]\n",
      " [0.817 0.144 0.039]\n",
      " [0.171 0.070 0.759]\n",
      " [0.798 0.096 0.106]\n",
      " [0.222 0.624 0.155]\n",
      " [0.876 0.039 0.085]\n",
      " [0.008 0.607 0.385]]\n"
     ]
    }
   ],
   "source": [
    "\n",
    "model = Sequential()\n",
    "model.add(Conv2D(32, kernel_size=(3,3),\n",
    "                 activation='relu',\n",
    "                 input_shape=(300,300,3)))\n",
    "model.add(MaxPooling2D(pool_size=(2,2)))\n",
    "\n",
    "model.add(Conv2D(32,(3,3), activation='relu',kernel_initializer=initializer))\n",
    "model.add(MaxPooling2D(pool_size=(2,2)))\n",
    "\n",
    "model.add(Conv2D(32, (3,3), activation='relu',kernel_initializer=initializer))\n",
    "model.add(MaxPooling2D(pool_size=(2,2)))\n",
    "\n",
    "model.add(Conv2D(32, (3,3), activation='relu',kernel_initializer=initializer))\n",
    "model.add(MaxPooling2D(pool_size=(2,2)))\n",
    "\n",
    "model.add(Flatten())\n",
    "model.add(Dense(64, activation='relu',kernel_initializer=initializer))\n",
    "model.add(Dense(16, activation='relu',kernel_initializer=initializer))\n",
    "model.add(Dense(3, activation='softmax'))\n",
    "\n",
    "# 3. 모델 학습과정 설정 및 요약\n",
    "model.summary()\n",
    "model.compile(loss='categorical_crossentropy', optimizer='adam', metrics=['accuracy'])\n",
    "\n",
    "# 4. 모델 학습시키기\n",
    "model.fit_generator(\n",
    "    train_generator,\n",
    "    steps_per_epoch=20,\n",
    "    epochs=20,\n",
    "    validation_data=test_generator,\n",
    "    validation_steps=20)\n",
    "\n",
    "model.save('model-19')\n",
    "\n",
    "# 5. 모델 평가하기\n",
    "print(\"-- Evaluate --\")\n",
    "scores = model.evaluate_generator(test_generator, steps=5)\n",
    "print(\"%s: %.2f%%\" %(model.metrics_names[1], scores[1]*100))\n",
    "\n",
    "# 6. 모델 사용하기\n",
    "print(\"-- Predict --\")\n",
    "output = model.predict_generator(test_generator, steps=5)\n",
    "np.set_printoptions(formatter={'float': lambda x: \"{0:0.3f}\".format(x)})\n",
    "print(test_generator.class_indices)\n",
    "print(output)"
   ]
  }
 ],
 "metadata": {
  "kernelspec": {
   "display_name": "Python 3",
   "language": "python",
   "name": "python3"
  },
  "language_info": {
   "codemirror_mode": {
    "name": "ipython",
    "version": 3
   },
   "file_extension": ".py",
   "mimetype": "text/x-python",
   "name": "python",
   "nbconvert_exporter": "python",
   "pygments_lexer": "ipython3",
   "version": "3.7.6"
  }
 },
 "nbformat": 4,
 "nbformat_minor": 4
}